(1111111111. 111111611ῐ1138,82. 171, 1111111111111226111
28111111111111132, 1, 2.,111 225, 35. 226, 1. 226, 8-20·
(119 ἡδονὰς η 16.,(111138 1, 1.·-111- 11191111(11111226,192.- 1111
1111111211,13.111111111111111111 utilitatis 226, 6. 221, 22-
amicitiam 11 iucundu- 211, 35.· 6111122621. 111116111111
111111121632-1111111111111-11111111 1111111211,11111.ῒ
1111111211, 1., ,ἐπιθυμίαι 1152, -111111 11111 1611116211,
1,2. 11111111111111111 πρὸςχ χρη num 1111111111 erga 11 ipsum
ματισμον186 18 11.,1111111111111111113

(1111119111 1111161111 τοῦ ui, ἔχοντος 211,3111111111111611111
(911111 166, 5. 22612111-1111111111111111

(1116111191 15, 12. 1111111111227, 1, 2111. 111

φέρεσθαι 67, 27.- -6111111 12111611 1111111111 228, 291111- -1111
61, 11. τὰ 111111116611. 231, 11111 91111111111111111

φ1611111.6111111,1111.398.331. φιλεῖν, 111111 1111111111211

88²²! 11 11 γε πάμπαν &aduocat 1,1.11111111111111111211,,8

1,66 21,111112168111μ111111111111
(1311111111 ‘²088‘ 19111111( 132,13.121Ι,1,.3 111111111111111

1111111191 amm 61, 31- 35. 11111218, 11.- -11 11111111
(131σ1111111111μοχ611111117633. 133,31.-(1111.11’1’11111 116
homiui 111111 τὴνάρχήν 1791, 15. 221, iurg.
φθονερός 36, 18. 81, 111. 1111111911 61111111 κτλ. 236, 611.
(61111813.111111911 ad iniustitiam φιλογυμνασιικός 36, 32.

84, 36. (1121111111 36, 38
(11111161ςὸ23. 111ς111111,11.-11111111
11111111111791, 1. nes 218, 2111. 211, 28. 11119
(111111-1611111716111 111111161111111911 signa 2296, 811111μ619111 iaci

1111111111 1111111111 est 11 (11116215, 1111 1111191 1111, ὁ 1111111 opi

32-1,1. (1111111111111111111111111 1111111131 222191. (1111111111

261, 26. 222, 13. 111111191911111111
6611191191, (11611211, 28. 116, 17. -11111111 1111111111
1111611161,111116111221,1,1111.167,61.-11111111116

7-81. 1233, 6, 211.. 1111161116 131111126613111. -

3169191911119191119-99319 191991 3111991191191999191Ξ99ἰ 199

111 11111 p 1 (11.1 ai

1111111116,221.-111111111111111 1111111 11111191 215, 6111.

16111116,925-117,31., 1111111 1611111111111111111911211, 21

9291119191.9911.1.9139ῗ.19.91.1ἓ 313999.1.ἶ9.1199191991991191.1“9“

11111 (

2361 111·111111111111111111-111111φέ11 1111111111 171, 2(·Ι

tudine 167, 1111. 215, 6111. 117, (91111111111-11 11111111111111

61.111(11111111111111111118,13111.((111116111111136.1,1,1.

215, 6111111611 1111111611 1111- σοφον 1111111111 1111111111(

cies 11 1111111116111111111262, 15 11,31.(11111111(111-μ1φ.1

1111.- 1111111111111111111111213, 11111111 11, 36.

3. 11139 611111χὴ1212, 15 111. φ116111111211, 927. 23.

11111111111111111121319.11ς 11 (1111611631, 9.22

111 111 1111111111111111212211. (1111611166182, 3.

213, 5111. 211, 7111. 1111111111 (1111611211, 37.

1111 111111 conditio aequalitas 212,(11161111, quaenam 66, 3211. 61,

15111. Amicitia 111119 (9111111 111-111111111111111111111167

potest coli 1111 uiuitis 261, 15.· (161111, 111111 66, 3311 111661

11111111111111111111111111 1236111111111183, 8.9-1έχν((18,296

1. 261, 11.· 111 τῶν 131111161261,(1 (ιὰιωρ 225, 26

16.-111 1111119111 (111111,216 36. (19111911, εὖ (111. 236, 61.

Amicitia κατι( 18 miriamur 19111111 116111111111111111111111111 11

monus 11111111 111161 221,31111.36-1,611.1,31 1, i, 1.

236122621111.1211111111111111(111,ο111111111191,φρό (9123

171112322231,2.Α11111111κ111(1 (111611113621111.

16 991619 111111 ἰ1111111111211,35. 132,26.-19-111111151111961911

 

